Month1.txt:228:   1  s_2_2_13     1.05694e-01   1.81804e-02   
Month2.txt:227:   1  s_2_2_13     4.44246e-02   1.92869e-02   
Month3.txt:227:   1  s_2_2_13     7.08969e-02   1.83181e-02   
Month4.txt:228:   1  s_2_2_13     1.04964e-01   1.77055e-02   
