
Processing Fit_Check_NoPhase_Tsinghua_Newdata.C...
start...
0   30936.9   22584.5   6187.56   0.942479   0.948187   0.938249   0.0142158   0.0143622    6310.85   6187.56   6594.79   1465.5   1.85424e-05   0.0130339
1   31291.6   22770   6349.55   0.959207   0.963357   0.958118   0.0140633   0.0141918    6463.57   6349.55   6627.1   1464.37   1.79503e-05   0.0128753
2   31164   22968.3   6398.86   0.957681   0.959962   0.959123   0.0140576   0.0141412    6474.34   6398.86   6671.57   1481.06   1.77775e-05   0.0128648
3   31124.9   23050.4   6327.72   0.94942   0.951762   0.948564   0.0141186   0.0142055    6404.64   6327.72   6670.85   1474.75   1.80277e-05   0.0129342
4   30952.8   22629.4   6236.12   0.95007   0.953828   0.94847   0.0142033   0.0143074    6324.9   6236.12   6574.93   1451.35   1.83588e-05   0.0130149
5   30903.9   22782.9   6250.35   0.941812   0.951892   0.946782   0.0142064   0.0142873    6313.08   6250.35   6601.68   1457.15   1.83064e-05   0.0130269
6   30247.2   22527.5   6188.94   0.945589   0.951261   0.953431   0.0142445   0.0143629    6288.69   6188.94   6491.23   1429.55   1.85336e-05   0.0130521
7   30357.7   22483.8   6205.03   0.952745   0.96285   0.956966   0.0142509   0.0143416    6277.22   6205.03   6484.06   1426.5   1.84708e-05   0.0130613
8   30844   22603.1   6214.35   0.950591   0.95285   0.950536   0.0142069   0.0143218    6315.88   6214.35   6537.73   1437.19   1.84373e-05   0.0130225
9   30147.2   22670   6351.04   0.969723   0.977724   0.975956   0.0141039   0.0141977    6429.4   6351.04   6507.51   1435.99   1.79411e-05   0.0129043
10   30393.4   22960.7   6306.68   0.950507   0.957663   0.957877   0.0141474   0.0142299    6375.17   6306.68   6584.02   1448.54   1.81004e-05   0.012961
11   30556.5   23197.8   6288.28   0.947618   0.95428   0.945184   0.0141381   0.0142372    6372.36   6288.28   6652.97   1469.59   1.81668e-05   0.0129641
12   30908.7   23158.9   6220.06   0.933229   0.937463   0.93296   0.0141889   0.0143009    6317.43   6220.06   6667.02   1471.4   1.84186e-05   0.0130239
13   30590.3   22910.6   6249.14   0.944796   0.950457   0.948754   0.0141623   0.0142861    6355.02   6249.14   6586.68   1450.84   1.83112e-05   0.0129848
14   31096.2   22703.3   6079.13   0.923593   0.927031   0.925381   0.0143132   0.0144564    6199.98   6079.13   6569.33   1442.54   1.89564e-05   0.0131498
15   31143.6   22918.9   6357.64   0.959027   0.959739   0.960009   0.014045   0.0141777    6478.83   6357.64   6622.47   1457.07   1.79208e-05   0.0128588
16   30562.8   23015.2   6260.39   0.94414   0.944051   0.946958   0.0141408   0.0142779    6383.59   6260.39   6611.05   1459.88   1.82698e-05   0.0129551
17   30519.3   22567.2   6209.33   0.950367   0.960207   0.954172   0.0142182   0.014343    6309.47   6209.33   6507.55   1429.35   1.84589e-05   0.0130325
18   30763.1   22775.3   6285.09   0.959479   0.964315   0.95338   0.014145   0.0142598    6383.6   6285.09   6592.42   1455.15   1.81807e-05   0.0129561
19   31031.6   23000.4   6359.72   0.953061   0.954804   0.956421   0.014064   0.0141799    6464.55   6359.72   6649.49   1466.51   1.79147e-05   0.012875
20   30886.2   23207.6   6449.42   0.960511   0.972662   0.964694   0.0140111   0.0140909    6512.08   6449.42   6685.46   1475.19   1.76026e-05   0.0128262
21   30799   23235.2   6217.37   0.922141   0.931491   0.92873   0.0142068   0.0143124    6302.72   6217.37   6694.48   1482.28   1.84314e-05   0.0130436
22   31029.5   22795   6363.25   0.962181   0.971491   0.962539   0.0140664   0.0141778    6456.65   6363.25   6610.9   1457.12   1.79018e-05   0.0128822
23   31581.6   22842.4   6425.96   0.965042   0.971327   0.961656   0.0139981   0.0141149    6528.25   6425.96   6682.18   1479.01   1.76835e-05   0.0128108
Before......306214   310759   288158   190533   41224   41434   40952   27560   
After......302003   306474   282513   185236   40646   40882   40410   27005   
(B-A)/B (%):   1.37518   1.37888   1.95899   2.7801   1.4021   1.33224   1.3235   2.01379   
0   1   2   3   4   5   6   7   8   9   10   11   12   13   14   15   16   17   18   19   20   21   22   23   0.982356   0.00633955      0.979355   0.0072201      0.938249   0.0143622      
0.989852   0.00637122      0.983147   0.00722909      0.958119   0.0141918      
0.984324   0.00636763      0.979375   0.00720037      0.959123   0.0141412      
0.982721   0.00636163      0.982992   0.00721209      0.948564   0.0142055      
0.987696   0.00639263      0.974098   0.00720336      0.94847   0.0143074      
0.991832   0.00642877      0.982985   0.00722927      0.946782   0.0142873      
0.978761   0.00641278      0.979448   0.0072379      0.953431   0.0143629      
0.990435   0.00647817      0.980318   0.0072497      0.956967   0.0143416      
0.999662   0.0064945      0.975663   0.0072111      0.950536   0.0143218      
0.984969   0.00646099      0.97988   0.0072267      0.975956   0.0141977      
0.982442   0.00643153      0.988945   0.00725347      0.957878   0.0142299      
0.97969   0.00639329      0.992209   0.00723158      0.945184   0.0142372      
0.984269   0.00639479      0.988077   0.007205      0.93296   0.0143009      
0.979512   0.00637149      0.983041   0.00720403      0.948754   0.0142861      
0.993194   0.00641088      0.976316   0.00718237      0.925381   0.0144564      
0.991312   0.00639415      0.981272   0.00720326      0.96001   0.0141777      
0.977487   0.00636052      0.992932   0.0072767      0.946959   0.0142779      
0.979093   0.00635395      0.976979   0.00720617      0.954173   0.014343      
0.982889   0.00637189      0.982478   0.00723365      0.95338   0.0142598      
0.982587   0.0063552      0.985316   0.00722556      0.956421   0.0141799      
0.977554   0.00633553      0.995848   0.00725041      0.964695   0.0140909      
0.978125   0.00633778      0.993072   0.00722304      0.928731   0.0143124      
0.982853   0.00634696      0.974686   0.00715432      0.96254   0.0141778      
0.996385   0.0063773      0.983567   0.00722164      0.961656   0.0141149      
simultaneous fit...............................
 **********
 **    1 **SET ERR           1
 **********
 PARAMETER DEFINITIONS:
    NO.   NAME         VALUE      STEP SIZE      LIMITS
     1 A1           0.00000e+00  1.00000e-02     no limits
     2 A2           0.00000e+00  1.00000e-02     no limits
     3 A3           0.00000e+00  1.00000e-02     no limits
     4 A4           0.00000e+00  1.00000e-02     no limits
     5 B1           0.00000e+00  1.00000e-02     no limits
     6 B2           0.00000e+00  1.00000e-02     no limits
 **********
 **    2 **MIGRAD
 **********
 FIRST CALL TO USER FUNCTION AT NEW START POINT, WITH IFLAG=4.
 START MIGRAD MINIMIZATION.  STRATEGY  1.  CONVERGENCE WHEN EDM .LT. 1.00e-04
 FCN=67.6544 FROM MIGRAD    STATUS=INITIATE       24 CALLS          25 TOTAL
                     EDM= unknown      STRATEGY= 1      NO ERROR MATRIX       
  EXT PARAMETER               CURRENT GUESS       STEP         FIRST   
  NO.   NAME      VALUE            ERROR          SIZE      DERIVATIVE 
   1  A1           0.00000e+00   1.00000e-02   1.00000e-02  -7.21626e-02
   2  A2           0.00000e+00   1.00000e-02   1.00000e-02  -1.17383e+00
   3  A3           0.00000e+00   1.00000e-02   1.00000e-02   1.55482e-02
   4  A4           0.00000e+00   1.00000e-02   1.00000e-02  -2.66286e-01
   5  B1           0.00000e+00   1.00000e-02   1.00000e-02   5.38005e-01
   6  B2           0.00000e+00   1.00000e-02   1.00000e-02   7.42044e-01
 MIGRAD MINIMIZATION HAS CONVERGED.
 MIGRAD WILL VERIFY CONVERGENCE AND ERROR MATRIX.
 COVARIANCE MATRIX CALCULATED SUCCESSFULLY
 FCN=64.2082 FROM MIGRAD    STATUS=CONVERGED     127 CALLS         128 TOTAL
                     EDM=4.23045e-06    STRATEGY= 1      ERROR MATRIX ACCURATE 
  EXT PARAMETER                                   STEP         FIRST   
  NO.   NAME      VALUE            ERROR          SIZE      DERIVATIVE 
   1  A1          -1.26182e+01   1.26432e+01   2.38636e-02  -5.05799e-05
   2  A2           4.04480e+00   2.99865e+00   5.65849e-03   1.45384e-04
   3  A3           6.81071e+00   1.26300e+01   2.37776e-02  -9.51770e-05
   4  A4           1.16221e+00   2.99615e+00   5.64199e-03  -4.97749e-04
   5  B1          -3.59401e+00   3.66181e+00   1.44380e-02  -1.06309e-04
   6  B2          -1.23691e+00   1.83046e+00   7.21720e-03   3.08544e-04
 EXTERNAL ERROR MATRIX.    NDIM=  25    NPAR=  6    ERR DEF=1
  1.599e+02 -3.267e+01  1.113e-01  6.371e+00  1.157e-01  4.756e-02 
 -3.267e+01  8.992e+00  6.343e+00 -4.406e-03  1.027e-02  6.322e-03 
  1.113e-01  6.343e+00  1.595e+02  3.264e+01  1.857e-03  1.514e-02 
  6.371e+00 -4.406e-03  3.264e+01  8.977e+00  1.607e-02 -4.622e-03 
  1.157e-01  1.027e-02  1.857e-03  1.607e-02  1.341e+01 -3.760e-03 
  4.756e-02  6.322e-03  1.514e-02 -4.622e-03 -3.760e-03  3.351e+00 
 PARAMETER  CORRELATION COEFFICIENTS  
       NO.  GLOBAL      1      2      3      4      5      6
        1  0.87798   1.000 -0.862  0.001  0.168  0.002  0.002
        2  0.87804  -0.862  1.000  0.167 -0.000  0.001  0.001
        3  0.87865   0.001  0.167  1.000  0.862  0.000  0.001
        4  0.87859   0.168 -0.000  0.862  1.000  0.001 -0.001
        5  0.00726   0.002  0.001  0.000  0.001  1.000 -0.001
        6  0.00727   0.002  0.001  0.001 -0.001 -0.001  1.000
 FCN=64.2082 FROM MIGRAD    STATUS=CONVERGED     127 CALLS         128 TOTAL
                     EDM=4.23045e-06    STRATEGY= 1      ERROR MATRIX ACCURATE 
  EXT PARAMETER                                   STEP         FIRST   
  NO.   NAME      VALUE            ERROR          SIZE      DERIVATIVE 
   1  A1          -1.26182e+01   1.26432e+01   2.38636e-02  -5.05799e-05
   2  A2           4.04480e+00   2.99865e+00   5.65849e-03   1.45384e-04
   3  A3           6.81071e+00   1.26300e+01   2.37776e-02  -9.51770e-05
   4  A4           1.16221e+00   2.99615e+00   5.64199e-03  -4.97749e-04
   5  B1          -3.59401e+00   3.66181e+00   1.44380e-02  -1.06309e-04
   6  B2          -1.23691e+00   1.83046e+00   7.21720e-03   3.08544e-04
end of simultaneous fit........................
----------------------this is to compare EH1 fit....................................
 **********
 **    1 **SET ERR           1
 **********
 PARAMETER DEFINITIONS:
    NO.   NAME         VALUE      STEP SIZE      LIMITS
     1 A1           0.00000e+00  1.00000e-02     no limits
     2 A2           0.00000e+00  1.00000e-02     no limits
     3 A3           0.00000e+00  1.00000e-02     no limits
     4 A4           0.00000e+00  1.00000e-02     no limits
     5 B1           0.00000e+00  1.00000e-02     no limits
     6 B2           0.00000e+00  1.00000e-02     no limits
 **********
 **    2 **MIGRAD       2e+04           1
 **********
 FIRST CALL TO USER FUNCTION AT NEW START POINT, WITH IFLAG=4.
 START MIGRAD MINIMIZATION.  STRATEGY  1.  CONVERGENCE WHEN EDM .LT. 1.00e-03
 FCN=24.8724 FROM MIGRAD    STATUS=INITIATE       24 CALLS          25 TOTAL
                     EDM= unknown      STRATEGY= 1      NO ERROR MATRIX       
  EXT PARAMETER               CURRENT GUESS       STEP         FIRST   
  NO.   NAME      VALUE            ERROR          SIZE      DERIVATIVE 
   1  A1           0.00000e+00   1.00000e-02   1.00000e-02   1.07506e-01
   2  A2           0.00000e+00   1.00000e-02   1.00000e-02  -8.41508e-01
   3  A3           0.00000e+00   1.00000e-02   1.00000e-02   2.41994e-02
   4  A4           0.00000e+00   1.00000e-02   1.00000e-02  -4.40541e-01
   5  B1           0.00000e+00   1.00000e-02   1.00000e-02   3.99714e-02
   6  B2           0.00000e+00   1.00000e-02   1.00000e-02  -9.15562e-02
 MIGRAD MINIMIZATION HAS CONVERGED.
 MIGRAD WILL VERIFY CONVERGENCE AND ERROR MATRIX.
 COVARIANCE MATRIX CALCULATED SUCCESSFULLY
 FCN=20.5424 FROM HESSE     STATUS=OK             40 CALLS         100 TOTAL
                     EDM=1.11847    STRATEGY= 1      ERROR MATRIX ACCURATE 
  EXT PARAMETER                                   STEP         FIRST   
  NO.   NAME      VALUE            ERROR          SIZE      DERIVATIVE 
   1  A1          -3.49244e+01   1.14100e+04   8.18226e-02   5.36821e-05
   2  A2           3.69684e+00   1.40934e+03   9.49740e-03  -1.65956e-04
   3  A3          -7.92906e+00   1.10377e+04   8.17379e-02  -2.44936e-04
   4  A4           1.91101e+00   1.18794e+03   9.49914e-03  -7.93998e-04
   5  B1          -8.31118e+00   2.62445e+01   4.65743e-02  -2.21022e-04
   6  B2           4.70175e+00   1.27311e+01   2.33232e-02   4.82532e-04
 MIGRAD MINIMIZATION HAS CONVERGED.
 FCN=19.4213 FROM MIGRAD    STATUS=CONVERGED     112 CALLS         113 TOTAL
                     EDM=8.45466e-05    STRATEGY= 1  ERROR MATRIX UNCERTAINTY   0.2 per cent
  EXT PARAMETER                                   STEP         FIRST   
  NO.   NAME      VALUE            ERROR          SIZE      DERIVATIVE 
   1  A1           3.29149e+03   1.14364e+04   3.32641e+03  -9.86132e-07
   2  A2           1.17057e+03   1.41614e+03   1.16687e+03  -2.36708e-06
   3  A3           1.15959e+04   1.10411e+04   1.16038e+04  -3.08662e-07
   4  A4          -7.74458e+02   1.18366e+03  -7.76369e+02  -5.52603e-06
   5  B1          -8.90738e+00   2.62475e+01  -5.96197e-01   1.42571e-07
   6  B2           1.25266e+01   1.27414e+01   7.82486e+00  -2.13503e-07
 EXTERNAL ERROR MATRIX.    NDIM=  25    NPAR=  6    ERR DEF=1
  1.308e+08  1.322e+07  2.240e+07  7.886e+06 -1.813e+05  3.540e+04 
  1.322e+07  2.005e+06  1.115e+07  1.018e+04 -1.513e+04  9.176e+03 
  2.240e+07  1.115e+07  1.219e+08 -9.103e+06  1.141e+04  8.043e+04 
  7.886e+06  1.018e+04 -9.103e+06  1.401e+06 -1.469e+04 -4.450e+03 
 -1.813e+05 -1.513e+04  1.141e+04 -1.469e+04  6.889e+02 -2.209e+01 
  3.540e+04  9.176e+03  8.043e+04 -4.450e+03 -2.209e+01  1.623e+02 
 PARAMETER  CORRELATION COEFFICIENTS  
       NO.  GLOBAL      1      2      3      4      5      6
        1  1.00000   1.000  0.816  0.177  0.583 -0.604  0.243
        2  1.00000   0.816  1.000  0.713  0.006 -0.407  0.509
        3  0.99999   0.177  0.713  1.000 -0.697  0.039  0.572
        4  0.99999   0.583  0.006 -0.697  1.000 -0.473 -0.295
        5  0.62206  -0.604 -0.407  0.039 -0.473  1.000 -0.066
        6  0.58958   0.243  0.509  0.572 -0.295 -0.066  1.000
 FCN=19.4213 FROM MIGRAD    STATUS=CONVERGED     112 CALLS         113 TOTAL
                     EDM=8.45466e-05    STRATEGY= 1  ERROR MATRIX UNCERTAINTY   0.2 per cent
  EXT PARAMETER                                   STEP         FIRST   
  NO.   NAME      VALUE            ERROR          SIZE      DERIVATIVE 
   1  A1           3.29149e+03   1.14364e+04   3.32641e+03  -9.86132e-07
   2  A2           1.17057e+03   1.41614e+03   1.16687e+03  -2.36708e-06
   3  A3           1.15959e+04   1.10411e+04   1.16038e+04  -3.08662e-07
   4  A4          -7.74458e+02   1.18366e+03  -7.76369e+02  -5.52603e-06
   5  B1          -8.90738e+00   2.62475e+01  -5.96197e-01   1.42571e-07
   6  B2           1.25266e+01   1.27414e+01   7.82486e+00  -2.13503e-07
----------------------this is the end of the comparison of EH1 fit....................................
----------------------this is to compare EH2 fit....................................
 **********
 **    1 **SET ERR           1
 **********
 PARAMETER DEFINITIONS:
    NO.   NAME         VALUE      STEP SIZE      LIMITS
     1 A1           0.00000e+00  1.00000e-02     no limits
     2 A2           0.00000e+00  1.00000e-02     no limits
     3 A3           0.00000e+00  1.00000e-02     no limits
     4 A4           0.00000e+00  1.00000e-02     no limits
     5 B1           0.00000e+00  1.00000e-02     no limits
     6 B2           0.00000e+00  1.00000e-02     no limits
 **********
 **    2 **MIGRAD       2e+04           1
 **********
 FIRST CALL TO USER FUNCTION AT NEW START POINT, WITH IFLAG=4.
 START MIGRAD MINIMIZATION.  STRATEGY  1.  CONVERGENCE WHEN EDM .LT. 1.00e-03
 FCN=23.0465 FROM MIGRAD    STATUS=INITIATE       24 CALLS          25 TOTAL
                     EDM= unknown      STRATEGY= 1      NO ERROR MATRIX       
  EXT PARAMETER               CURRENT GUESS       STEP         FIRST   
  NO.   NAME      VALUE            ERROR          SIZE      DERIVATIVE 
   1  A1           0.00000e+00   1.00000e-02   1.00000e-02  -1.27558e-01
   2  A2           0.00000e+00   1.00000e-02   1.00000e-02  -8.95612e-02
   3  A3           0.00000e+00   1.00000e-02   1.00000e-02  -7.20844e-02
   4  A4           0.00000e+00   1.00000e-02   1.00000e-02   4.06280e-01
   5  B1           0.00000e+00   1.00000e-02   1.00000e-02   4.53346e-02
   6  B2           0.00000e+00   1.00000e-02   1.00000e-02   3.52239e-01
 MIGRAD MINIMIZATION HAS CONVERGED.
 MIGRAD WILL VERIFY CONVERGENCE AND ERROR MATRIX.
 COVARIANCE MATRIX CALCULATED SUCCESSFULLY
 FCN=17.6178 FROM HESSE     STATUS=OK             40 CALLS         105 TOTAL
                     EDM=0.920789    STRATEGY= 1      ERROR MATRIX ACCURATE 
  EXT PARAMETER                                   STEP         FIRST   
  NO.   NAME      VALUE            ERROR          SIZE      DERIVATIVE 
   1  A1           2.09964e+01   8.17398e+03   5.41609e-02   4.69207e-05
   2  A2           1.82689e+00   2.03242e+03   1.90483e-02  -1.75962e-04
   3  A3           1.18839e+01   1.07178e+04   5.40391e-02  -1.34965e-04
   4  A4          -8.36191e+00   4.30175e+03   1.91186e-02  -1.10989e-04
   5  B1          -5.20352e+00   2.33559e+01   3.18810e-02  -5.13962e-05
   6  B2          -1.00092e+01   1.41788e+01   1.59242e-02   2.55067e-05
 MIGRAD MINIMIZATION HAS CONVERGED.
 FCN=16.7029 FROM MIGRAD    STATUS=CONVERGED     117 CALLS         118 TOTAL
                     EDM=6.20006e-05    STRATEGY= 1  ERROR MATRIX UNCERTAINTY   0.2 per cent
  EXT PARAMETER                                   STEP         FIRST   
  NO.   NAME      VALUE            ERROR          SIZE      DERIVATIVE 
   1  A1           4.33300e+03   8.14662e+03   4.31200e+03   1.57221e-06
   2  A2           1.64578e+03   2.03269e+03   1.64395e+03   1.46566e-06
   3  A3           1.01259e+04   1.06754e+04   1.01140e+04   1.55434e-07
   4  A4           3.50757e+03   4.28195e+03   3.51593e+03   2.88412e-07
   5  B1          -2.22145e+01   2.33198e+01  -1.70110e+01   4.56771e-06
   6  B2          -1.90846e+01   1.41335e+01  -9.07538e+00   6.42134e-06
 EXTERNAL ERROR MATRIX.    NDIM=  25    NPAR=  6    ERR DEF=1
  6.637e+07  1.493e+05  5.992e+07  3.157e+07 -6.887e+04 -9.212e+04 
  1.493e+05  4.132e+06  1.586e+07  3.774e+06 -3.186e+04 -8.018e+03 
  5.992e+07  1.586e+07  1.140e+08  4.260e+07 -1.829e+05 -1.129e+05 
  3.157e+07  3.774e+06  4.260e+07  1.834e+07 -6.118e+04 -5.082e+04 
 -6.887e+04 -3.186e+04 -1.829e+05 -6.118e+04  5.438e+02  1.555e+02 
 -9.212e+04 -8.018e+03 -1.129e+05 -5.082e+04  1.555e+02  1.998e+02 
 PARAMETER  CORRELATION COEFFICIENTS  
       NO.  GLOBAL      1      2      3      4      5      6
        1  1.00000   1.000  0.009  0.689  0.905 -0.362 -0.800
        2  0.99999   0.009  1.000  0.731  0.434 -0.672 -0.279
        3  1.00000   0.689  0.731  1.000  0.932 -0.735 -0.748
        4  1.00000   0.905  0.434  0.932  1.000 -0.613 -0.840
        5  0.76088  -0.362 -0.672 -0.735 -0.613  1.000  0.472
        6  0.84499  -0.800 -0.279 -0.748 -0.840  0.472  1.000
 FCN=16.7029 FROM MIGRAD    STATUS=CONVERGED     117 CALLS         118 TOTAL
                     EDM=6.20006e-05    STRATEGY= 1  ERROR MATRIX UNCERTAINTY   0.2 per cent
  EXT PARAMETER                                   STEP         FIRST   
  NO.   NAME      VALUE            ERROR          SIZE      DERIVATIVE 
   1  A1           4.33300e+03   8.14662e+03   4.31200e+03   1.57221e-06
   2  A2           1.64578e+03   2.03269e+03   1.64395e+03   1.46566e-06
   3  A3           1.01259e+04   1.06754e+04   1.01140e+04   1.55434e-07
   4  A4           3.50757e+03   4.28195e+03   3.51593e+03   2.88412e-07
   5  B1          -2.22145e+01   2.33198e+01  -1.70110e+01   4.56771e-06
   6  B2          -1.90846e+01   1.41335e+01  -9.07538e+00   6.42134e-06
----------------------this is the end of the comparison of EH2 fit....................................
----------------------this is to compare EH3 fit....................................
 **********
 **    1 **SET ERR           1
 **********
 PARAMETER DEFINITIONS:
    NO.   NAME         VALUE      STEP SIZE      LIMITS
     1 A1           0.00000e+00  1.00000e-02     no limits
     2 A2           0.00000e+00  1.00000e-02     no limits
     3 A3           0.00000e+00  1.00000e-02     no limits
     4 A4           0.00000e+00  1.00000e-02     no limits
     5 B1           0.00000e+00  1.00000e-02     no limits
     6 B2           0.00000e+00  1.00000e-02     no limits
 **********
 **    2 **MIGRAD       2e+04           1
 **********
 FIRST CALL TO USER FUNCTION AT NEW START POINT, WITH IFLAG=4.
 START MIGRAD MINIMIZATION.  STRATEGY  1.  CONVERGENCE WHEN EDM .LT. 1.00e-03
 FCN=19.7355 FROM MIGRAD    STATUS=INITIATE       24 CALLS          25 TOTAL
                     EDM= unknown      STRATEGY= 1      NO ERROR MATRIX       
  EXT PARAMETER               CURRENT GUESS       STEP         FIRST   
  NO.   NAME      VALUE            ERROR          SIZE      DERIVATIVE 
   1  A1           0.00000e+00   1.00000e-02   1.00000e-02  -5.21110e-02
   2  A2           0.00000e+00   1.00000e-02   1.00000e-02  -2.42765e-01
   3  A3           0.00000e+00   1.00000e-02   1.00000e-02   6.34333e-02
   4  A4           0.00000e+00   1.00000e-02   1.00000e-02  -2.32025e-01
   5  B1           0.00000e+00   1.00000e-02   1.00000e-02   4.52699e-01
   6  B2           0.00000e+00   1.00000e-02   1.00000e-02   4.81362e-01
 MIGRAD MINIMIZATION HAS CONVERGED.
 MIGRAD WILL VERIFY CONVERGENCE AND ERROR MATRIX.
 MINUIT WARNING IN HESSE   
 ============== MATRIX FORCED POS-DEF BY ADDING 0.002004 TO DIAGONAL.
 FCN=18.704 FROM MIGRAD    STATUS=CONVERGED      92 CALLS          93 TOTAL
                     EDM=0.000732115    STRATEGY= 1      ERR MATRIX NOT POS-DEF
  EXT PARAMETER                APPROXIMATE        STEP         FIRST   
  NO.   NAME      VALUE            ERROR          SIZE      DERIVATIVE 
   1  A1           4.85732e-01   9.98922e+01   1.37026e-02   1.86548e-04
   2  A2           1.38985e-01   2.44922e+01   3.35893e-03  -7.88200e-04
   3  A3          -6.23381e-01   9.95476e+01   1.36510e-02  -3.47395e-05
   4  A4           1.37781e-01   2.44025e+01   3.34708e-03  -3.92201e-05
   5  B1          -3.32811e+00   3.83550e+00   8.32116e-03   3.79148e-05
   6  B2          -8.84530e-01   1.91727e+00   4.15950e-03  -1.45691e-04
 EXTERNAL ERROR MATRIX.    NDIM=  25    NPAR=  6    ERR DEF=1
  9.978e+03 -2.425e+03 -4.578e+00  2.825e+02  9.775e-01 -1.288e+00 
 -2.425e+03  5.999e+02  2.823e+02 -3.394e-01 -2.534e-01  3.278e-01 
 -4.578e+00  2.823e+02  9.910e+03  2.408e+03 -2.104e+00 -1.977e-01 
  2.825e+02 -3.394e-01  2.408e+03  5.955e+02 -4.713e-01 -9.542e-02 
  9.775e-01 -2.534e-01 -2.104e+00 -4.713e-01  1.471e+01 -4.555e-03 
 -1.288e+00  3.278e-01 -1.977e-01 -9.542e-02 -4.555e-03  3.676e+00 
ERR MATRIX NOT POS-DEF
 PARAMETER  CORRELATION COEFFICIENTS  
       NO.  GLOBAL      1      2      3      4      5      6
        1  0.99800   1.000 -0.991 -0.000  0.116  0.003 -0.007
        2  0.99800  -0.991  1.000  0.116 -0.001 -0.003  0.007
        3  0.99800  -0.000  0.116  1.000  0.991 -0.006 -0.001
        4  0.99800   0.116 -0.001  0.991  1.000 -0.005 -0.002
        5  0.00981   0.003 -0.003 -0.006 -0.005  1.000 -0.001
        6  0.01036  -0.007  0.007 -0.001 -0.002 -0.001  1.000
 ERR MATRIX NOT POS-DEF
 FCN=18.704 FROM MIGRAD    STATUS=CONVERGED      92 CALLS          93 TOTAL
                     EDM=0.000732115    STRATEGY= 1      ERR MATRIX NOT POS-DEF
  EXT PARAMETER                APPROXIMATE        STEP         FIRST   
  NO.   NAME      VALUE            ERROR          SIZE      DERIVATIVE 
   1  A1           4.85732e-01   9.98922e+01   1.37026e-02   1.86548e-04
   2  A2           1.38985e-01   2.44922e+01   3.35893e-03  -7.88200e-04
   3  A3          -6.23381e-01   9.95476e+01   1.36510e-02  -3.47395e-05
   4  A4           1.37781e-01   2.44025e+01   3.34708e-03  -3.92201e-05
   5  B1          -3.32811e+00   3.83550e+00   8.32116e-03   3.79148e-05
   6  B2          -8.84530e-01   1.91727e+00   4.15950e-03  -1.45691e-04
----------------------this is the end of the comparison of EH3 fit....................................
